[Murata_CT_Demo]
Serial:1,5,3,0,1,0
Coef:0,0,0,0,0,1.81484E-15,-1.70934E-12,-1.94911E-10,2.74781E-07,0.011255583,-0.044504726

